0010010010000000000000000000000000000000000000000000000000
0000010010000011000100000001000000000000000000000000000000
0000110111000000000010000001101100000000000000000001000000
0000111110000000000010000001101100000000000000000001000000
0011010100000000000000000000000000000000000000000000000000
0000010010000011000100000001000001000000000000000000000000
0000111000000000000010000001101100001100000000000001000000
0000111100000000000010000001101100001100000000000001000000
0000110000100000000100000010000011000000000000000000000000
0000010010000011000100000001000010000000000000000000000000
0000011010010000000000000000000000001001010000000010000000
0000011010010000000000000000000000001001010000000010000000
0000010010000000100000100001100000000000000000000000000000
0000010010000011000001000001000000000000000000000000000000
0000010010000010000010000000010100000100000000000000000000
0000011100100000000010000000000000000000000000000000000000
0001010000000000000000000000000000111000000000000000000000
0001010001000000000000000000000000110000000000000000000000
0100100111000000110000000000000000001000000000000001000000
0100100111000000110000000000000000001000000000000001000000
0000010010000010110000100101100000000000000000000000000000
0000010010000010110000100100011000000100000000000000000000
0000010010000000100000100000010000000100000000000000000000
0000010000010000000100000000000011001000000000000000000000
0000010001010000000100000000000011000000000000000000000000
0001011001010000000000000000000000101000000000000000000000
0000100010000010000000001010000000000000000001011100000000
0000010010000011001000000000000000001000000000000000000000
0001011100010010010000000100000000101000000000000000000000
0001011101010000000000000000000000100000000000000000000000
0000010010000000101000010000000000001000000000000000000000
0000010010000011001000000000000000000000000000000000000000
1000000000000100000000000000000000000000000000000000000000
0001100001010000000000000000000000101000000000000000000000
0000100100100010000000001010000000000000000000010100000000
0000100000001000001000000000000000001000000000000000000000
0001100100000000000000000000000000111000000000000000000000
0000101000100010000000001010000000000000000000010100000000
0000100101010000000000000000000000001010000000000000000000
0000100001000000000000000000000000000000000000000000000001
0001101000000000000000000000000000111000000000000000000000
0000010010000010000000001010000000000000000000100100000000
0000101100100000000000000000000000000000001000000000000000
0000110100100010000000001010000000000000000000001100000000
0001101100010000000000000000000000101000000000000000000000
0000101001000010000000001010000000000000000000001100000000
0000010010000000101000010000000000001000000000000000000000
0000011010010000000000000000000000001001010100000010000000
0001110000010000000000000000000000101000000000000000000000
0000011010010000000000000000000000001001010000000010000000
0000101011000000101000010000000000001000000000000000000000
0000111001100000000000000000000000000000000000000000010000
0001110100010000000000000000000000101000000000000000000000
0000111101010000000000000000000000000000000000000000000100
0000101101000001001000000000000000001001100010000000000000
0000011101000000000000000000000000000000000000000000000001
0000011001000000000000000000000000000000000000000000000001
0001111001010000000000000000000000101000000000000000001000
0000000000000000000000000000000000000000000000000000000000
0000110101000000000000000000000000000000000000000000000000
0000010111000000000000000000000000000000000000000000000001
0001111101000000000000000000000000111000000000000000000000
0000011000000000000000000000000000000000000000000000000001
0000000000100000000000000000000000000000000000000000100010
